255 165 0 
0 0 0 
255 182 193 
16
CIRCLE	1	590	472	169	0 0 0	255 255 0 	3
CIRCLE	2	440	322	46	0 0 0	0 0 0 	3
CIRCLE	3	736	310	49	0 0 0	0 0 0 	3
CIRCLE	5	501	410	31	0 0 0	  -1 -1 -1 	3
CIRCLE	5	645	413	31	0 0 0	  -1 -1 -1 	3
LINE	6	581	462	588	506	0	0	0	3
TRIANG	7	503	548	586	572	660	542	0 0 0	-1 -1 -1	3
CIRCLE	9	497	408	8	0 0 0	0 0 0 	3
CIRCLE	9	639	408	7	0 0 0	0 0 0 	3
TRIANG	10	560	547	596	545	584	556	255 0 0	255 0 0	3
LINE	14	1077	266	1076	266	255	0	0	3
RECT	12	755	498	1255	650	255 165 0	0 0 0	3
TRIANG	13	753	500	756	649	609	640	255 165 0	0 0 0	3
RECT	14	683	646	701	704	255 165 0	0 0 0	3
RECT	15	1099	649	1120	702	255 165 0	0 0 0	3
RECT	16	1254	574	1333	598	255 165 0	165 42 42	3
