255 0 0 
0 255 0 
255 255 255 
34
RECT	5	416	400	492	466	0 0 255	-1 -1 -1	3
RECT	12	727	149	1279	542	0 0 255	-1 -1 -1	3
RECT	9	863	190	1180	196	0 0 255	-1 -1 -1	3
RECT	13	219	116	672	541	0 0 255	-1 -1 -1	3
RECT	2	316	242	733	408	0 0 255	-1 -1 -1	3
RECT	8	643	305	621	531	0 0 255	-1 -1 -1	3
RECT	7	794	167	977	392	0 0 255	-1 -1 -1	3
RECT	1	279	176	506	150	0 0 255	-1 -1 -1	3
RECT	3	446	285	588	367	0 0 255	-1 -1 -1	3
RECT	10	375	332	435	542	0 0 255	-1 -1 -1	3
RECT	11	761	421	1096	533	0 0 255	-1 -1 -1	3
RECT	6	820	254	882	500	0 0 255	-1 -1 -1	3
RECT	4	729	231	993	368	0 0 255	-1 -1 -1	3
RECT	14	630	588	847	689	0 0 255	-1 -1 -1	3
RECT	15	331	562	517	638	0 0 255	-1 -1 -1	3
RECT	16	1015	264	1144	389	0 0 255	-1 -1 -1	3
RECT	17	1161	270	1257	518	0 0 255	-1 -1 -1	3
RECT	18	250	253	295	508	0 0 255	-1 -1 -1	3
RECT	19	275	206	466	234	0 0 255	-1 -1 -1	3
RECT	20	473	181	677	211	0 0 255	-1 -1 -1	3
RECT	21	478	128	643	156	0 0 255	-1 -1 -1	3
TRIANG	22	337	266	294	320	365	315	0 0 255	-1 -1 -1	3
LINE	23	1033	210	1216	243	0	0	255	3
TRIANG	24	545	433	455	523	552	515	0 0 255	-1 -1 -1	3
CIRCLE	25	942	479	43	0 0 255	  -1 -1 -1 	3
TRIANG	26	462	296	462	339	530	321	0 0 255	-1 -1 -1	3
CIRCLE	27	1057	324	42	0 0 255	  -1 -1 -1 	3
CIRCLE	28	582	271	53	0 0 255	  -1 -1 -1 	3
CIRCLE	29	1176	398	72	0 0 255	  -1 -1 -1 	3
TRIANG	30	679	300	701	312	707	277	0 0 255	-1 -1 -1	3
RECT	31	233	133	241	229	0 0 255	-1 -1 -1	3
RECT	32	245	127	266	232	0 0 255	-1 -1 -1	3
RECT	33	283	125	452	152	0 0 255	-1 -1 -1	3
RECT	34	372	252	426	309	0 0 255	-1 -1 -1	3
