0 0 0 
203 192 255 
255 255 255 
35
CIRCLE	1	167	151	78	255 255 0	255 255 0 	3
LINE	2	241	122	362	114	255	255	0	3
LINE	3	245	152	354	179	255	255	0	3
LINE	4	231	191	327	226	255	255	0	3
LINE	5	211	219	257	270	255	255	0	3
LINE	6	165	231	170	296	255	255	0	3
LINE	7	116	214	77	274	255	255	0	3
TRIANG	8	461	307	299	584	637	587	165 42 42	255 165 0	3
LINE	9	461	309	670	486	165	42	42	3
LINE	10	671	486	636	584	165	42	42	3
TRIANG	11	461	307	637	585	670	486	165 42 42	255 165 0	3
LINE	12	442	341	480	342	165	42	42	3
LINE	13	425	366	498	370	165	42	42	3
LINE	14	417	387	513	395	165	42	42	3
LINE	15	401	413	528	422	165	42	42	3
LINE	16	386	439	553	455	165	42	42	3
LINE	17	371	464	572	487	165	42	42	3
LINE	18	358	487	594	521	165	42	42	3
LINE	19	340	514	613	551	165	42	42	3
LINE	20	321	545	623	567	165	42	42	3
LINE	21	313	561	498	584	165	42	42	3
LINE	22	481	341	490	334	165	42	42	3
LINE	23	498	367	514	353	165	42	42	3
LINE	24	516	394	535	372	165	42	42	3
LINE	25	552	454	587	416	165	42	42	3
LINE	26	532	422	557	392	165	42	42	3
LINE	27	572	487	612	441	165	42	42	3
LINE	28	595	517	637	459	165	42	42	3
LINE	29	615	550	657	473	165	42	42	3
LINE	30	626	568	654	538	165	42	42	3
RECT	31	909	236	1232	633	0 0 0	173 216 230	3
RECT	32	953	285	1043	375	0 0 0	255 192 203	3
RECT	-842150451	1109	286	1199	376	0 0 0	255 192 203	3
RECT	34	1024	630	1123	432	0 0 0	255 192 203	3
TRIANG	35	910	234	1231	237	1068	174	0 0 0	255 192 203	3
