255 0 0 
0 255 0 
255 255 255 
13
RECT	5	416	400	492	466	0 0 255	-1 -1 -1	3
RECT	12	727	149	1279	542	0 0 255	-1 -1 -1	3
RECT	9	863	190	1180	196	0 0 255	-1 -1 -1	3
RECT	13	219	116	672	541	0 0 255	-1 -1 -1	3
RECT	2	316	242	733	408	0 0 255	-1 -1 -1	3
RECT	8	643	305	621	531	0 0 255	-1 -1 -1	3
RECT	7	794	167	977	392	0 0 255	-1 -1 -1	3
RECT	1	279	176	506	150	0 0 255	-1 -1 -1	3
RECT	3	446	285	588	367	0 0 255	-1 -1 -1	3
RECT	10	375	332	435	542	0 0 255	-1 -1 -1	3
RECT	11	761	421	1096	533	0 0 255	-1 -1 -1	3
RECT	6	820	254	882	500	0 0 255	-1 -1 -1	3
RECT	4	729	231	993	368	0 0 255	-1 -1 -1	3
